78232083
51039124
65425533
16269669
16230948
89014392
93767433
15301722
98298856
41819155
52742653
43405840
49677079
57635212
95193917
30725060
74469616
26745204
19200936
43184193
14511147
98190690
34287423
19711822
54360716
74021730
22971667
86960177
52617622
35455818
77509236
29552369
31369141
85926536
55039195
71947404
52090499
77726076
77179017
49499884
46802816
43109612
11043581
21640428
92674116
34576698
55777062
98867648
76685548
50330107
81510839
54370522
46523624
61049072
61557087
19149335
43727406
53073652
70071105
74465364
34516106
72314105
19805615
24420448
54811648
29513257
38918477
32016752
35398001
68452747
45388321
15199947
47840231
63827699
97400078
84808255
40217730
35154116
70768504
84835347
22708037
59535760
42260565
85006916
65090388
70579184
62280061
23491689
59073577
39684916
97410447
51848306
33932021
60404322
85325015
13545597
77208997
75580730
79491116
34590719
63426604
40722762
62578496
85083455
55539865
97877498
54975971
77658156
81737336
78559471
56893436
38481547
55308878
15698581
38432219
90101461
18064139
12550250
66797862
51119275
70297035
16782419
73599104
24164880
85016796
69261851
78672701
97744296
47521867
28738509
45498802
50242834
17247070
16105842
38447039
58385277
34068544
18877480
24842752
49888867
46249449
91336154
42757605
49651028
67083421
82087710
84398652
38933099
31055545
49869154
81984813
98603372
21913947
10477367
35470139
69260391
27609124
64587742
57762663
63231145
59426211
22529269
78859882
68091839
90560144
76639090
30533106
93357760
86900416
29630942
73920180
68892880
90153884
15855235
36228383
92488830
36245414
18346618
97443138
11033185
42344215
44671300
51054246
67153521
16320951
25355606
30447805
74718633
11933857
55473411
58730385
42221098
85062854
49717258
50386939
52416361
69213551
66719993
44552808
38517827
67234010
21382795
45398194
57271443
94835851
90545739
62897853
72868700
47118488
49217779
92811419
19518568
82573666
19042726
86340152
29362115
40898991
45926706
29702879
33631103
26140520
29764298
46891133
10763718
21603833
76967178
45172306
83970700
92180559
36195537
51583463
85887998
71958111
17609315
19864974
47109911
18544619
35614672
57752728
99407502
51984768
93840785
10509083
98176173
10306286
37915271
16920907
35968875
13828567
34794506
61098337
87886423
68999442
81533175
40042006
98500395
91088213
16132051
62618620
93717983
85186076
38634773
26520979
37701558
30261448
19476292
10643390
16559350
11956588
98419165
44955123
20303856
10796036
19437972
95382265
59503364
17440068
22338294
80279892
24095919
60432131
76928102
83630324
18630360
93613284
98085750
37599603
41502207
48896064
47568887
45224706
52159248
63212314
58994285
52567560
58263685
50731515
21256145
88054513
68659196
49217281
97197234
70538384
10344055
44794475
10575584
69471290
38930216
47642043
96475566
11239900
18651659
11253765
10773040
48370731
64307375
84651717
92310483
38886609
46814826
58724858
84549136
88835134
19417390
90446399
91041498
91514284
58159274
74008616
19040498
28648138
98912388
95509861
71206798
61021245
99706557
57974559
87776266
26331095
41927876
32540637
11413237
39544489
95583329
24883956
67334215
97351336
71121478
48316819
33780375
48615306
61104768
25483982
90714739
68678465
68406931
86257049
47619838
15957206
77112065
16877140
48591235
28372442
44929313
45910763
54145365
84941705
56380573
12571302
58774197
23833641
57475148
69909848
76812654
58376021
80402118
16010320
39299134
93746171
80927558
38952235
17179445
48038303
84610191
25747878
81273470
42768193
72368777
62560835
99449416
75880006
37611306
53358156
97466523
93373756
79157593
51437092
53759655
87464954
23367460
32203449
36324281
37964181
48037220
40434778
90411570
37551338
12806967
32107692
29182663
11214426
58486366
22635030
32188459
56112271
39044406
30342746
47353044
82912704
19404350
78482794
92119106
50294421
32698217
65636843
57118029
62352513
47744328
13827144
25874284
11811187
34137036
51230476
15465714
23140173
47248027
99092707
35057923
69037892
70103522
22835042
54922356
29502575
86264664
44294978
15036700
21150295
66492272
41851108
20983595
52917069
53526972
72412510
31400213
18815450
11968682
60068358
92204273
35731905
66926106
55551212
74308547
68910111
62410953
18638027
23278307
80718913
18264207
16530157
72944216
67184392
68874209
21026202
61363826
55055145
45773210
17748050
14688166
59536454
81850176
74082171
30810240
71452563
28278556
87195220
28013708
89218988
88860584
46486357
70612648
47796141
59460153
11448752
71268937
56701466
61280978
35060052
58025659
53642409
37194958
26002841
98565590
41583500
84267246
20068581
96185115
61435562
19151378
24912015
11344759
93049846
20219536
50360491
10571922
75404948
46854131
52972400
94520127
78203500
47169809
90314478
62958656
64758468
56255319
56818350
39957383
34038186
79707694
11181348
82191283
84640774
24327216
95838187
30783724
25831873
33012887
73510690
74752470
70300017
10262664
86025674
16855231
85379296
47912780
89063122
42761832
85671034
92712186
55930061
34479209
15526311
72877772
56466264
27780896
26896638
45980410
28678330
42342897
84390085
63350775
50204888
17405488
17797874
13462353
19292262
53521804
44858272
83075191
96849707
65911611
72358810
81111990
64255683
72711260
38679220
39063587
74368212
28821571
22575637
30958250
52836537
79277399
77288988
25066417
97004876
47415023
71345375
56550664
73501187
69917274
24714331
16824687
37195574
27925462
20073169
13544546
69196986
31190178
65208100
68263541
85190708
90066816
91562091
70107022
32097797
66850495
96464988
14267165
58879535
39138739
42757474
59333560
88985651
43070769
23325021
66552525
36540173
39021658
14439602
26183267
61586564
75661662
57255922
94146517
73412467
59416360
39105284
49180717
77157451
49395306
33941809
21114348
75476758
43633575
29662326
29437670
39744261
10699695
25033473
97195626
25780927
92409811
84549304
80025378
99667063
77057861
81629496
26532779
19006854
59756809
89040953
86780463
94556837
75778243
94297674
40923583
60660240
83075722
12468663
80801091
42486860
93033721
34058921
87089153
56827309
35573103
52958213
32207171
97736915
65568749
99724462
23850595
32362301
83490947
13911933
42999287
31144591
89288699
71466242
94944411
47234806
14176897
78239761
47634602
85410341
92738988
75409947
58957495
71386140
17970468
57240945
77737285
72641402
86570325
18704708
97480870
53010764
58927211
12728098
12316433
79406897
39160208
25937519
96177997
18100240
14391460
62733359
74512019
83536507
71870563
91361882
58356007
41311289
19543637
57756809
59233509
52866568
94115523
66246957
48310580
42772260
77592322
29875208
46502598
23252286
36405577
49116472
21470328
48873484
74049270
32231001
58287127
19064899
66836812
68101871
79258564
51117947
38112728
33120838
82651825
91511812
49618454
83348855
32350986
29286316
56295103
63113203
26096986
81689757
72060833
58923952
96906092
83832462
51226087
16505464
36542684
54287424
27379583
11255699
76489557
41578947
23346756
18573744
26301229
41555698
47242957
72290649
19778430
15549941
75513689
17580104
63625500
57453328
15789264
79195968
31716109
80528647
84122550
46950977
76506125
19494194
96483542
22757667
87753994
62852013
91985194
49029806
15657439
23170304
57763919
57429228
62742255
31975382
77812307
29980388
92092374
90029922
33198327
57584390
31880589
63182440
33725811
24922618
44616518
26626695
21923439
28880734
73222733
75798665
20343284
21474364
24505157
89332820
48101046
82554014
71245305
31206529
85968837
93561147
13471992
40094210
77088950
64043879
70465026
61180305
57695231
16016186
26536881
69365918
17925555
91666495
20714148
31374013
64676930
84772288
60881687
90803845
82665391
39291350
10212654
37387699
55754277
98713969
30972261
55002780
69662562
81990504
41542404
37009826
24453975
74244767
97795859
21126628
66502912
80827631
49039181
96402849
91311440
62118536
37578011
28019875
67677115
53393727
66524521
57857786
15442336
22528565
78413543
74870080
78545927
81789261
76522623
59438912
98745471
71898162
93183777
12384792
91106903
46355041
45146471
52427980
53958115
68226283
63137165
54079809
90418357
52581725
52900999
72457333
35417902
72426778
50073345
70106269
51989668
29741529
88251564
60999780
66229167
45481451
83840391
82130286
91012191
64973721
83918607
35943094
82344169
86672939
40078534
58901049
55179320
84578424
16018195
68468352
43378144
74122886
64342220
89687464
26168867
15797688
22625534
67865761
75638957
83502549
33233918
44753573
31914527
71659233
97346193
34940354
83234796
88882896
62536464
48878392
83147787
16583178
59984602
83341748
19649722
74253977
37178036
15755402
31323874
28486852
86827680
30934308
90574098
67037523
45283130
96598728
85876324
84014880
44102657
61252742
53541482
26444071
99305906
84513441
32602673
36614905
10362137
49477541
67842495
21545783
33448357
77885295
61827668
20630553
92627593
93053024
45494579
72574358
52890131
64220562
86928996
78381703
38620401
40160493
94911235
48664697
13214510
69532489
53653495
81643192
33283616
41183967
46708349
79600054
83482522
58719188
51930631
70514696
59939989
86329537
42657069
59100392
85235051
48152281
76083868
24180975
70726038
94561106
72596606
49475655
24369683
63902730
26313180
49206873
45151494
91918432
98891795
34605981
56789568
33967056
27955925
70439393
56760707
23635648
43715200
18440611
22028661
21783746
29594427
93672790
96633269
58797474
43560401
77740716
80981530
82022769
91272362
40187726
37440554
24493797
31913655
30119115
84471389
42423261
75465546
65905581
86935350
92592549
37726633
46989810
26762615
55323139
53549883
89773986
12826008
49249878
54008799
82557199
29088288
56864563
40843758
85681358
90899084
99765389
16054324
54375589
20678035
92448184
77631948
13280918
71973011
15104254
46306817
60471807
82671317
50352507
53526673
77886877
26714897
70761184
33001624
27924070
71045006
87573422
97174750
80962425
58701770
22002191
48067519
88810203
35002186
88749221
37567350
84090486
25003896
91755462
67024208
24535107
42704009
20619175
88382012
77818699
96480313
61610253
64918218
16178573
74717318
85732030
23758773
63721109
30960354
45354758
30533797
40908276
20519378
92936371
14422947
60188793
31038528
90005947
96071057
19269797
87505892
60553333
17047318
85425740
31992117
90310347
39013536
14173865
48406286
24513945
43717942
41912802
24855210
16678856
87724425
49387030
71185133
26514797
94976857
53489926
45467482
17621903
55996879
27795579
96010824
82763258
28949919
67743151
88640176
97163364
43338758
96409512
97175254
84869233
94216150
86417691
44785575
25669060
75622974
82856815
15719037
35720676
99168432
30049844
53563759
81699889
28521134
45204779
79131690
30873726
31105257
57109793
96881368
63845596
90929283
32514478
96787847
44891884
95165127
60057489
30310417
88805783
66116794
74916286
25420056
25856640
35924844
25130702
55791030
15888177
76713442
60104580
10563663
35954220
68720964
57102735
26762227
83040010
14998215
23119618
45701779
84774831
97245406
40795698
68188994
89124552
79617729
70807720
62300559
93384972
75135031
70722029
21217187
89668134
28979348
59397139
54747602
42483897
27558798
29460778
32928362
71455360
89643745
59265435
59520687
14912418
65094352
28808181
66876342
80825034
22199418
33674197
16465667
17635992
90282424
40299328
77003073
78952286
78857934
25618873
88352697
99506892
45814913
76021254
93674305
36790277
48212231
65672105
49707908
93149717
81844751
97027443
74028607
10094511
68139423
74171143
45892899
21528685
15210127
16441528
96538952
81597407
84443133
96861329
85524253
70486966
60778509
51313811
42169375
27706236
50193366
85632874
18226925
84367555
73689614
15450537
34962436
91372576
65837175
86126264
46301401
20032660
65734337
63358825
42589219
94056921
24636170
72727636
85394413
58898235
45492966
75948803
98398859
44774650
44152978
38926780
69317918
84428239
33659377
91655675
83314252
49748384
53957309
77436916
10133403
91210643
72926527
24219265
64346973
63964526
45258832
74555145
94254642
97083157
43785463
40594685
97378144
78472189
99819611
65293818
82860106
34393234
49494590
73474364
92719660
60523930
24852934
49245960
44118841
68271956
85676045
12665395
93866114
81345130
53685759
99753785
80690866
46666540
97182501
74055175
36509364
36815656
40006962
31498057
61077164
85740938
26563608
27164719
96501508
63154747
96654714
26510225
83223133
43455487
95833297
19150221
54020075
10986644
15933897
70186119
80647201
57248039
54562520
84174128
94012016
14703302
33766653
49477719
71060220
22527281
20989165
98753692
23379150
39169679
76561008
74432596
95614819
34454600
31005346
72201137
89911096
74389715
42633856
90704646
11303149
57495334
71246893
51968632
12871611
43928389
52679225
65106977
29615936
92803700
44172350
14064663
70465251
93657704
50783988
27082316
39700230
91054862
91911125
84270505
54837181
93244639
91929757
85912971
80534508
97759249
77432367
38599100
52104536
52313980
12328574
23603973
71213350
29592969
51247251
89720621
48733286
54329505
27500053
24781765
88737392
28062228
65149420
63083445
31544651
58133704
76667245
80395282
52629392
92373247
53909596
77475665
93260266
14094802
73122793
61239428
41704798
78767395
11320931
89202898
72544899
90577116
28228471
98227512
51626796
50576946
95935597
16298547
80629589
74914548
34286687
54343765
56622682
52923992
62840307
99990373
73921075
79534583
66745153
84793327
33797365
42268237
20112276
73807599
17868397
38034546
93394210
68078358
12085371
10547606
50295470
69805059
51887751
41699732
74211316
94431297
90941197
25742809
85580090
51000389
89092922
39580592
65380673
61578349
67732619
91516184
54297456
37394321
48132577
26131663
47266052
37631499
93569904
92506326
32424237
27986972
19701104
66295885
97170682
79445800
11213548
37919289
68260268
40616910
23882529
11370189
98299323
14600841
63142806
55448993
80780994
74159476
39314727
66159636
40581468
48553586
30543307
25219069
82089956
66208671
14818597
44970742
38502773
74524419
35325668
91331858
76115122
25797247
64516740
31154132
67752430
88347877
57321933
35043021
48321227
36903556
24947994
15453886
14023105
85762848
15801928
66943310
67183258
91297228
85192538
65337104
72288111
95807391
11767250
31841049
19167248
19764230
47813877
99357928
54855588
21682629
62388183
25902803
78588309
85164554
41457225
96682596
12396198
80335414
68624573
20603389
37095946
54362308
75255999
57447050
54444890
30374248
60949194
57380111
39741175
92348034
95999624
82039349
50142635
97826414
56137191
48281841
76442225
79960135
70657024
46563416
37030572
16384154
12790925
84576588
34530181
29112438
47121090
92534564
13930808
40610600
34354688
15712741
91482603
79967559
62436582
82087981
16745034
27695171
41840077
98224694
45579514
25947654
10326602
64543317
22263772
55535317
91766333
73402901
62352143
65804256
88748189
15287143
87886346
49214098
30355350
82275421
95543034
16755991
91709189
96449773
91958535
26060676
55536633
51437183
20446272
55333609
70690977
50069650
25764109
33838425
42269879
31361814
36682848
99304921
48237961
77865468
83171735
20436220
71209631
46669088
60547723
82642443
27571482
92755828
35055002
42460338
44458898
64245333
13269012
69083669
48673777
77664000
85810534
40107659
54053016
13721784
75655721
35399352
82106184
24028743
96754590
61399958
98777692
22688199
56366050
60634081
16076995
29059348
83972981
15372507
33731005
41999467
90280284
54348582
75152478
24037562
66387065
69752594
84020587
12968942
38244909
15672804
13098135
47709251
97931542
11699284
31598744
45262248
33806091
98977370
66194158
99586249
64072779
71074760
96387557
99922596
28431989
90591808
84086022
38730787
15557654
24143867
96715519
18603113
34594793
98978874
12677131
66835704
85661180
16669603
96621216
57631316
77534653
58772995
57759127
37472099
80345573
62279154
87223170
74842244
41215121
49406974
69547839
45703235
64859408
91709058
79275417
68211301
85688463
56452015
52876353
73842624
91873589
36841449
35445627
60585925
26198725
44031270
25686262
46972944
54233891
71643389
43214290
45404392
74884899
98910174
80543351
18620760
76267877
92996761
21934878
21550041
61939202
40423217
52116353
76644762
76684413
78268618
72574761
79575708
67245030
80028101
82631433
17673762
98503258
18721234
52228434
97940668
24355319
70378004
80682257
20457393
10256006
56976630
90475271
91941380
21100090
70605850
45796388
10459455
13818793
77422827
23456272
46278726
97788166
83429164
47952903
89890540
80620340
32420496
61895934
10248616
23374411
97623442
41606244
33455975
54114320
79151018
82078250
47332769
90738195
16840352
43880510
77807103
67040530
13692140
12580740
82804591
20368555
58220073
30651425
67817920
19410760
22975281
89920105
63633416
24359983
10800096
39089861
71908478
94562830
82291433
69083129
26016604
31286703
65633452
57182236
25362421
38489309
86530798
18749343
34984005
29022656
48170637
90060642
79883541
31846161
27371067
53219972
90979075
43194482
84944773
50069838
67652176
83457689
53979627
18987959
16674538
44268870
72386293
75456946
93782504
62303324
40983289
13824043
61374326
78581237
92788873
13332861
38660092
58934581
98453817
30023033
97679926
29213681
39067104
22825895
92315604
70319759
20323048
88174050
49591296
61451928
20393663
20570240
73172376
95010058
69294665
94985971
54054537
59024715
34240835
89918319
91310278
23771882
46988670
85956499
47742034
21845484
97390361
57009003
67040129
73003525
50112812
95692788
33781675
83855182
72374537
46167283
29827971
68331624
36237152
39818263
75860702
64414226
21422203
94430259
56838910
77699674
15907017
17297214
69086369
45834786
26596594
55781835
54249362
53672560
74950844
33729866
31961028
67787649
30830186
79111609
14223129
85050503
63158741
93540437
40168739
76845913
82453710
42386499
21802515
77047957
28575926
41976102
74546773
26871411
96796751
29884425
40833133
67595660
51904787
98892611
32103165
20128310
16462135
31281150
29524201
33794160
80228076
48643396
51769314
74141550
35207474
29828502
69772300
71049548
43690524
81194832
38876072
80406644
37142992
73836386
28410658
57673472
69845223
59457873
94646010
81452824
78970080
11962118
74730224
67439111
45666317
87743585
58434416
52598149
54880716
90117104
29676861
62187584
94709666
60915335
96249024
87446815
61168503
60055449
86340798
55701139
58118399
59604603
76478297
15195390
51774151
63484006
69426814
81100002
55182618
98648090
96589392
75372468
14371913
81783165
56753632
10291134
59477497
76499286
36304189
45505400
35487728
48926909
59482691
32783131
96388599
16497016
35803000
81812365
52552197
78127000
48201021
22268066
84622967
17568782
30694837
79855620
33326850
46449007
81570339
57680609
24432902
39831441
45085990
65811516
11399241
96661743
29072997
54038832
31664703
50695107
76966299
17780907
21466530
50811027
88141934
52838714
88058620
20287428
18540339
24637732
45555570
75820713
44439586
20871519
65203511
83978727
45192285
44192529
89128792
90266293
50703097
37561500
74427452
10336496
20506476
72437499
84675058
69072521
89830744
82683259
15894768
93467323
87826718
18209104
58824102
81859906
36651273
22631752
55544781
77690505
93304190
70050278
45455884
48257950
45811254
12383364
98307835
68583280
38222586
12506519
49939279
27201468
75018546
24504952
94674488
53395752
25710641
90882915
27778842
20635965
95848010
75375520
23662088
28975028
46889724
27241893
43472248
99128626
62842244
20194319
79505310
28058405
42527698
79669209
60273029
23470618
88459294
88093790
98210660
80820208
53956117
13578139
14766119
57790830
15613213
22328651
72906964
53614303
22040595
51142265
98394026
32249607
41362490
51685135
65160141
31432168
21684260
55737613
76019589
26997273
56007883
39763616
64065879
48032093
81228231
49550830
58885235
79779557
87436033
86636947
62786835
94334144
63097340
41907416
62837007
47734127
49993022
86952413
92551125
93367310
45958607
96272551
10615170
24510035
13563088
18951500
27127136
54923684
91605750
77027466
20492242
36240510
30273636
44070339
16273486
97196156
98142947
74084762
59119496
50142763
23791099
97142772
29088404
59214689
62979898
91245419
84564143
98477173
63538129
57439913
49404463
57943739
97077018
89886377
51608680
11132205
37399825
83536103
11108108
60194219
73447686
57065528
47855618
22074022
58411001
77598572
86942534
65178739
13337094
10114180
92645333
25263263
38924784
55848239
99801446
94306887
23529692
33114314
70271566
21162314
54027468
30302518
95206160
65449788
89478238
90103668
21863989
49661601
49393714
25701758
17967075
90076151
33499274
57553016
69104529
37697470
74931336
79952638
55955569
80403516
74599625
93226689
66370618
32410470
19971732
85433406
66727876
36308601
22760384
69868492
70466110
94830754
15388956
66500905
43289170
18513100
69813968
83341873
35779061
90526276
76661675
52572628
18736870
96017817
13347147
70714074
29163603
73086892
10610816
57277710
66254057
13427994
71648569
78391548
99323919
75158060
87228058
50738630
11684746
50240443
37256769
32210998
11268525
21071423
79705098
13199400
97954947
25217875
39721965
51101227
31609834
13995443
80162342
95061811
17001858
70055359
24038757
14756689
21643154
55829224
80401258
19941018
36310772
75750300
73748995
17541785
71067931
43597125
22594681
49682877
33180754
94237290
46048651
33362930
96455026
76758939
83144318
68577104
42635980
46487699
39536966
42932859
51221824
52372564
21412560
30729425
93796112
68439850
24328535
32780414
15341963
33850955
75445752
95933964
55401123
26395366
42767460
56553385
50210042
64745794
28960708
72214641
42936271
70608967
90999068
13803149
60040510
18385731
38550910
62858947
91971191
68654280
91720776
52319735
63364265
23105745
74599625
19624237
42334757
32579763
68557058
87156229
25019635
26695086
54666455
41182965
85606295
21645772
75035295
69327914
24556146
92758184
79158900
85648824
56555336
59056718
50504633
30834522
10450011
83449871
40931734
91918143
20480106
23644535
14301104
33674819
88289625
32726817
26659932
71355214
27862081
48120773
52856419
23418065
56962564
64465772
56138830
48840807
26020352
76828247
50432798
54254572
31234037
63342233
63553606
10111539
36077512
51679108
67959466
79528872
84948007
48626621
60840511
17125351
49777114
48400908
40981883
25808590
65626216
21626019
43565159
49840915
34729501
48074090
47552968
78251654
47958383
65577696
29917260
44715259
77826534
67957190
32894701
32097844
72548570
63078807
12281012
49989229
15364471
72283892
34084477
68883191
82986731
68074604
67301187
80080833
84371097
77056269
99762622
18973324
99790007
75666485
30489914
74006553
93551806
76544576
13876762
52473883
26138380
60586974
18957558
42189498
85356873
53711953
89787872
24491558
92752115
13017965
58586023
10911607
82574596
63529298
85353501
59353055
99694426
60964827
70384519
85428153
48823881
31338934
21470035
33967641
15298242
85889522
42626820
72178439
34774841
58144588
45677975
75075308
45342960
19724747
72562961
94972493
42910322
70266149
54780172
71914823
24906701
55852960
80119780
31027826
86074898
34019433
75037293
66871040
95361973
36644674
94372524
41030678
34683107
28385241
18688140
14802169
47542905
15698454
11590039
51632022
77511073
12965717
76006107
12522412
74065467
30540199
77254405
83136451
98080965
62207516
63037086
31712832
49757173
37337194
82833830
29141209
90668796
74423181
38807667
68831191
56513574
65055595
58484739
34834022
75255663
57962784
52946353
76779895
84866448
21791355
92482899
25793585
40790846
87770127
23228273
61840393
56364810
25919204
21425316
66549734
36313650
72446339
87270687
49506328
70838527
81372178
54685042
40518616
97614438
57827544
44500741
95617330
25510946
76700708
13865675
13607045
57547363
29552269
14001622
10118720
45929975
84358840
38274353
83008577
37007460
10231974
50415944
58216940
91974193
26410869
67336300
69449989
32081262
52358211
23199227
44463267
59264938
78053287
81115305
12599813
11121477
96764543
43183974
24213927
52179886
20853833
45554108
31975928
71517326
81652293
68429282
62461442
71965989
45697152
34040437
56132123
56119074
23227066
34816475
15377344
32522676
25741362
35858275
48070090
63282183
69828852
47590213
61560493
90396298
59851381
95426222
17266275
96870127
12534278
81975140
54907951
15355519
23347111
45266288
40192685
64177237
13747175
89928761
64823144
85274545
18315865
74296563
86148448
10635760
74416866
14373888
68219705
14310662
49262574
13221581
54273250
97975445
66319771
90382826
80088724
47063278
21363266
92958225
25729216
63468628
17919694
17807134
92409276
90788186
34707656
42858974
46104641
63802668
61974715
49927050
80447267
31659231
31057356
54430127
93116077
69871193
61558946
90442543
14965185
21097683
20163332
68879703
19093050
20331054
87000957
97904506
37176548
79911926
40146926
87814196
32772308
80552485
34864104
80456786
72473720
17517491
46286620
67031676
91725110
28400150
85175624
60173341
93865196
59620489
96521519
37309389
26114905
15142228
40107732
89200357
11560343
54967960
46959063
99659512
99613821
46993739
80246331
62086292
68830652
10079483
12895904
60651175
41003842
44488228
24460744
41749783
78877345
40777697
28595677
83371809
57272091
77540396
16281216
94586448
26481533
74468497
12448910
62530281
62054864
61922524
68893873
63330174
37941757
26421620
47494022
96292535
22502642
87009749
38321482
78909061
27550343
33557381
61855854
26922224
45467341
89182703
74495546
84054913
69934098
56720912
56972806
71162625
97415593
99287247
24565693
87319829
68701301
46739271
11513816
36636320
50455761
94214179
74224261
71726507
17520337
38458128
18579403
47962701
21538159
73739633
84509487
57922285
49623105
25163483
31724524
40004666
73408875
78031467
41938271
47090441
87951354
86131704
49158541
34243594
67802728
55960745
61753234
56709098
13881615
86172692
29844753
10329002
37356474
62609596
13053250
90042547
53231219
90700510
22542676
30080122
56125042
18770190
72581090
80421998
90917929
65999852
28237837
92905767
51787440
32291375
96462203
33555156
18903620
86369616
85612277
71443098
57645722
74374539
70979827
64840480
11363148
97498895
22441653
64188395
70051000
64127522
35463498
75117095
37276618
59854446
18306322
80217678
25733344
97630535
88268305
15773919
14989040
95534886
54775892
25316918
13893850
58359717
14207492
37544772
26143648
61285579
79312251
69830619
28063220
98325948
75236051
36011586
90860785
65619472
30936219
14035406
15995167
66787616
85545345
52148298
41059747
12290584
93846874
10813474
30227469
26850402
86521248
78894986
39226784
98320744
28237175
18183516
58135936
76570601
37630889
14142079
18323047
92006815
92828059
66835911
73625108
85073926
94645193
12399878
92940011
92013964
27429529
70241133
69035817
84276731
61425497
15321482
66974593
95685460
65831224
37023329
67622989
42831155
24660075
69112003
38488660
64887710
89285240
78472899
98192968
88099418
83500816
17189915
84881843
28701856
50307793
67716203
17227658
86286907
62318090
68868795
64167875
79422023
93329523
21109670
83143378
22531855
54247209
70066042
92787289
17895459
19901599
39030532
12582589
52233836
53229692
85171394
78757996
69202105
34332913
18199893
75969216
57584260
45113329
49759039
32640215
56847354
61116668
62764365
95529868
68614394
11663495
15469259
96221712
99987953
13370682
13253752
57413961
94504087
68308884
11436326
69000468
78836100
90237589
82298030
48347013
23456537
72807963
38015818
51326663
88694136
40886939
18205384
88178452
67288150
52854555
85738786
78537998
92482773
37428775
40887223
89193585
92531493
34492918
24792705
74672905
71832691
46382743
29428369
80488745
50934379
90859542
93472381
50138684
66775986
27460263
69965868
74624217
13734825
82911500
32148523
42293992
55124269
75719724
27777818
67199960
67528393
50391416
53441314
77692457
91455951
54115250
25944287
45115651
62056924
42692222
70565453
43243580
68004451
71035168
28915175
99566738
35225571
72175847
95461968
87609349
11207060
53452049
56252405
65012696
38181614
98025891
67188813
15374462
16783122
44226597
15943096
84386028
93460054
40902107
96437449
94898579
15109474
27271008
29399223
33115354
94732417
11826302
24096342
64187799
81100804
94430003
26847728
57592255
52108622
95270825
52258259
52341984
14658552
66056950
14279512
15750600
96092193
28735882
82000634
70544122
37422064
41540912
67982230
72331628
64596049
58812918
27297817
10559918
65608992
67370462
11125853
88935870
29289162
38549515
72893667
24379844
52584377
31126544
63922685
41774749
20296874
82164171
66278058
81812560
99398118
92743232
98806413
36679684
50199288
25411082
78466927
90611123
55033341
48763092
10223898
62844639
50921173
60544047
51586570
90253984
10606569
89017488
82141454
52474845
39278259
42314443
18403609
53712174
17661201
56893515
89482292
75896656
23164117
78693078
13362508
22199120
61643964
85369714
26947645
67464683
38671183
15083418
51869301
50505991
41623511
89748104
19491132
85464244
23969325
40075724
89587377
46421030
45372610
84306697
13514272
44566664
94276135
30520773
25186939
19539111
16152848
30523675
10942051
99253233
65075674
46614909
48030441
38190873
88055567
67824364
67618369
10121780
30555497
22310928
22880092
74326714
28529815
34735924
19617925
26785650
43655860
84678449
35085584
16500139
71474228
48312841
53294819
92800637
44944529
63390274
12889872
69846143
67445632
24524274
57616051
58872326
62805560
97730947
39951389
93611223
85638131
35122178
74378335
49002636
78500246
87384000
88220916
93140732
70927706
94255228
80082195
32227536
29598551
38069289
27424972
96978079
67643698
69150130
61684376
33437384
44747939
17838706
79700795
29160932
82900104
32658686
40807428
65653931
19879003
67123344
76013815
68484470
24989349
90433066
68435653
61494893
96077169
17578307
40040221
92601284
17512200
97294259
78196390
77483370
48385695
77932821
20476709
58939836
22662654
52355747
72601957
22049128
69918316
95163753
79436240
76148628
96938021
63208066
64361102
57863273
73429639
63331811
78772828
98242866
71013248
18747877
83760695
13464431
66719884
39341497
77495237
22681025
22055428
43277056
87290010
55783799
10532226
58271724
28561064
86314689
79639652
27619116
83476381
34564810
50050060
28564221
31293640
18319303
53916461
61153629
92095731
43015831
63123251
65680075
24469920
52839903
62144048
57850550
12346425
66713072
59171667
95795187
24475794
66478716
63640603
85840753
81176252
14581215
51105043
14003161
12030669
44019846
79842262
48286399
36158290
67620277
57175682
11598017
82951582
85570267
95679990
76619922
43874265
79721966
86037780
83722675
30348939
34710143
21303034
82794620
25885546
35336250
63402553
71901435
44474283
27077710
84558664
28218040
44409164
16718565
81264977
55287560
29328047
27122583
90709604
79743497
65548398
19645386
29959275
94275820
88398809
62777460
23210991
27731215
25419730
53631115
27485315
26499568
74544790
53863590
15320527
11513061
84442868
13280828
21301775
52823041
26047014
46490217
45419698
24843642
10923688
98410966
90651231
65252498
75353920
91334840
34871592
43435713
92498615
16811139
19845532
47388005
75579336
24797070
83447872
61690646
29186053
41648794
41553048
73387926
69852818
99098641
46809919
26151603
19157745
91023807
72494815
25552096
97504165
83480591
74606839
25432937
94726075
77141989
37672007
83428133
43075510
48183757
19085898
75405051
55947243
25033557
47154338
11455529
34300331
23962884
48804256
95490875
42608540
92962518
61822560
28548499
47144755
80070125
87866218
57863823
46788411
64234290
18701832
99904930
86969551
95248191
84708203
29785654
29684782
71420826
87001886
74164086
70691320
19183837
68350982
27896592
55550002
99230575
28676821
50703781
23764402
96506251
24540529
91339338
42974420
76831622
43491099
98627484
73624194
91967589
17579890
27317560
76634483
78986451
68384993
78847718
92847790
23396192
27133502
27600006
63853097
85031118
78655126
49461013
35561511
30971004
86528410
58979842
74595695
72856713
15583022
13720096
11679691
35851774
88462577
39779094
82659616
91761142
46341586
78145471
21779965
52209736
37036228
44529428
86609584
37015155
22966426
50991502
55011425
23427225
31092659
92513854
58450902
33313606
27081338
65305626
12009775
57149371
21846016
28181160
95771278
64491635
92692576
66452820
57408602
40986109
11946433
16699162
35953100
82174104
20431339
81088662
44818030
89779990
39254765
99359878
83697838
22306962
23528878
29130294
17129191
93150479
52712211
54966332
29849358
19062710
89664643
78789496
94413480
51510219
34907862
61139006
77490577
95963944
34404198
39405421
80993307
62788352
70575528
78710136
56519015
20959025
76372035
68961092
50122225
75500581
90251467
18654217
45308858
80063956
17582140
66131228
84409408
74130120
99205027
66448991
99327663
64036983
27789692
34828120
49510404
29107331
49563368
48174823
19601396
35443591
37759313
44022109
71368848
59820986
43152926
41204396
23101103
79209306
88580382
30628370
34503967
42092642
49208272
61387494
57278000
39689652
56096803
25156021
83212714
97866924
25012911
83429720
12601228
18923812
60235744
16453550
98781735
65128809
28996073
21019658
86060739
10491737
28815052
88987896
21323204
51557003
36048859
26368497
56764008
44784410
54352103
62528607
84947840
40866826
80889278
26369255
48409516
94490009
87516420
93514777
59030532
94241863
29905435
30861667
62095959
17449653
46129044
36271410
83037401
80897946
52191568
69400020
56362621
58969307
72501123
85240473
57027223
66251460
85772367
33510634
30506846
78450287
20928798
81297175
98462854
94639015
91748560
81684734
40118345
84979085
42702402
85905908
87073074
37099884
55245688
84457825
64971101
87090236
61347613
58852682
27221495
60033550
60505822
39219736
27316722
62156905
50834175
49487553
22829239
52403572
43933830
23012710
29035429
28348672
40763025
26705879
75599396
42372045
15242247
32592041
45890221
63375836
76422663
71890435
68389672
78365600
54129940
62806070
40126999
33789198
80912419
29977594
38533052
82774448
50026812
12649842
77268003
15236752
28952673
49730678
39990488
13829217
83746682
46114219
97142675
44741519
93791429
15782493
29667451
55753662
81736036
96979293
51267287
91917969
55874539
11014238
89288080
88647361
83209897
94203497
79426992
48321241
71676839
30860554
80465740
45722239
26524002
74846107
65205707
94059441
26095917
85386617
10897977
77252064
25809737
36156609
92345380
83472488
95776426
40669757
97954865
52942085
76483467
33946514
14609591
83515163
64899615
61918966
44900469
24016068
27284308
98812614
44908593
54176993
74047372
37500498
59899354
65984625
12376674
84753833
25053335
88543202
27872652
47636059
98821247
10079481
42306716
10177969
28794762
15824780
26238195
95252940
30972157
13323430
51554737
22225085
12426569
41014472
10481865
24657327
73240945
10692680
83061800
97639439
86563872
14169536
84829473
36554378
71478037
57364770
53255591
85317905
87342906
90185522
44022784
56370520
65488205
58829399
85330612
29979997
98431774
40308211
17991411
63720662
88368508
45839401
73064275
78499351
46015463
32537691
24039277
47717845
86663940
91199188
70065557
39302551
69662612
92863550
39653229
68184765
43339717
11436547
67656056
49661738
28586835
27996378
72199149
52675683
65338374
18479737
45634710
12906925
41098450
59425933
96427872
38589453
91162995
69882887
96233863
80441832
88994874
21316500
93023004
37464726
23471735
51662254
65931491
10114057
11222580
31796679
69939440
38742675
62369704
83580674
50907616
62633096
61344619
96363877
88939224
36621592
23609143
40830707
24437220
32292764
32278388
78118154
44840235
32092094
53719747
49402085
40529071
68557185
92945585
22851917
83525468
71577644
46696963
86682994
31460726
22587452
15408765
96020023
87954820
68687792
81511795
85310600
20318385
17037935
22248905
50560290
20780733
64888917
29521259
32606051
58420114
72572816
48401232
50087190
52908460
69661438
19141373
59867522
13107367
92262147
79651952
35823158
80027681
83417726
74388456
69759442
84662488
24277816
68544529
58933968
20451414
36805145
14621614
62676715
20180850
57005375
75721387
69828124
45440032
59410115
27343628
41093824
40195421
73774845
94508961
81467695
28267334
84368501
50604845
43269392
33941855
25817244
87027117
45374269
31308190
96506550
59026941
78635862
80263970
53458818
36523391
73053578
25406780
42223232
85248987
23550649
55280648
88169706
64805745
42050402
90197108
49759543
60819962
10804112
83089363
77209266
85549094
51169879
46760093
16083231
22824589
56348988
12810026
35307926
50864051
33773380
26042990
52307330
82351283
41557005
56729789
23003826
91675836
90939334
68551666
72042273
56377815
71282885
38903972
28034712
45662998
65846887
20780506
83371751
24567333
24082040
99786953
46120088
30773083
84302831
55137954
30170773
40896623
28328082
76951098
69832315
41555731
35400601
61122833
75466566
67316565
64766414
87429871
63041951
41217069
49900930
97143899
96921380
94905413
83375893
22305800
74960142
37125726
68068420
99363952
15783408
66446312
44965016
84706118
62900983
87279674
59691398
51062121
47764424
53519038
58556650
81393742
30763884
19045668
29095539
20974248
64942577
21086913
10284186
41170057
73624845
59407585
37064126
87766244
87913247
65621899
76178726
32541655
66713555
63584474
27932519
68011942
22583800
36884817
42917428
42307020
48989983
75877893
96082942
66880710
36664989
30444102
22199541
80117248
67106578
29689489
16645554
47058093
10738642
20451117
56091865
34140903
95046407
31220145
83028096
88694821
81497285
71652868
86448289
21880539
95043177
12862251
63138587
79197897
55827116
58583049
94505079
34771769
61562453
43326230
15633279
50054614
64225957
22562540
85502456
22991239
92431242
22286180
87237127
68678558
47368834
91070113
24147090
66271383
32047964
56539526
98330376
84040304
19695770
87647248
39231157
21817404
46614967
82611871
46221204
25254086
99206651
12494965
75191771
36947319
22856740
98135386
55565756
34534158
72488641
17966110
87744921
86917885
32696003
65925704
91410698
70632831
98246826
58146237
63751707
80860638
46861339
75072957
54385572
59083549
84561816
17291225
23096998
10347332
19258063
78493014
19147170
52722280
44028771
45084819
75741495
82527028
65961805
16098587
89675229
54346097
93392953
11126652
10688765
57142150
98978964
49234796
43957369
56833182
82137491
40932508
12620734
70419325
71468729
48454287
75361216
92655964
90739379
54847247
60271632
51591823
48552613
48218885
44326072
86654992
19433162
49873096
15802466
92651236
39203752
82978507
24805024
45562063
48909820
71476306
74650113
29570926
82398091
91496223
38860588
56761983
31326406
77010033
15500148
10691433
81563490
63812201
51666829
64527579
92341067
25450086
26614457
15409857
86256679
77123496
95010796
27065993
29727603
13339284
40910098
20970509
65137148
69102976
36111612
87388518
64052882
14368156
30337064
97797896
20278305
55728380
75033558
79034537
24831604
95215283
47503242
90962298
21345639
41555855
32284730
82751561
10387808
65033251
47061108
74617214
86003460
37333933
19673795
72575807
47373610
94644399
59374709
90007976
99187579
37390570
56122203
12434426
79414263
87937680
49960221
76102900
40211302
15830333
80846975
97160551
69866026
91478327
35415650
16550411
37925488
84856415
76969748
88644678
84773480
66356291
97956537
63047163
48857169
62923885
58296930
92649266
73241167
49685770
38934166
40311988
87322991
25771519
27917893
95243996
30655665
99562892
39362456
12901134
49591732
17610719
61395382
93990905
71540517
70562480
83029874
80673847
62349625
85999927
56152508
86578519
85274494
36922825
36142914
44344141
41338494
12593960
43152920
46794633
18172904
74517466
43779208
56388518
84044723
94326110
98378519
51677712
92667811
75233456
51668766
47143804
95898589
51391818
28209931
90034401
99795854
68500589
62228220
55225937
20003221
68941465
69228670
29026183
45240291
47244265
25138560
49609833
47102969
62617795
28790113
30421482
72669400
92989782
49778135
37769098
76796311
90760134
46882762
65142258
45972858
97067239
78454342
80870903
39487035
17226158
73452419
62349380
79687650
14071626
38548044
68374868
60745365
82432467
82001747
88601674
23448931
52440561
81938153
24529366
16784795
76203575
88405756
30509656
45652694
70367781
19081840
48426059
56785069
49621767
42143363
75096860
88690361
93838102
92857816
14942718
24280677
10932362
99121323
57928622
61407722
86933093
54595337
51361440
49960828
38691621
15286461
47621974
64740227
90088017
57657850
94972281
50848951
65670925
42240255
72480623
57271811
67772604
47390342
50925772
61434209
29310496
52497227
10075433
85281111
18516270
93747254
26066286
89429160
91422365
22977378
30311607
38627185
83135041
30903885
68425797
92638932
51013958
28160276
49811297
27393780
21423976
61085006
72318093
88910749
92619000
43442279
11546014
96008184
20946423
15909975
44453656
95915264
30627805
42827831
21221877
26797785
61863504
20251724
33009709
44488998
70711457
36180486
67442478
75998446
11013055
80673271
94848106
14070752
22305744
56640499
80895862
88426797
33514359
11158407
43163549
42294352
57558176
56597304
20006912
21444927
86211319
85250919
46853578
48355857
85126751
63128611
12032124
11523245
27328362
98146096
49320217
26886199
69661200
49026694
54113773
10670082
77689325
11094759
74064999
51597218
32841370
34155718
79585860
93633250
65339791
50162872
41743509
97909376
36157720
52314690
62348628
87298778
92354668
18402961
22736202
31675982
13073414
20021465
97707542
93546535
21478843
55890205
60982776
55259723
73480601
65020265
93053230
68321259
63503823
49393341
84627391
28737969
57465207
53460952
76568975
56030185
68362912
66506612
66825111
41370134
28961406
17999738
38001883
13547254
13131573
90724464
28540984
98583098
33180169
97728630
57909308
99713246
83345495
39606141
65224298
96934565
83458032
70196069
55596822
39045288
18297210
21875392
62031808
57651898
48855081
88935602
15940721
34759200
70881594
86038406
42653373
65150720
57493727
79889294
35779119
17561678
70318956
48459466
30156397
34616919
84351106
55132210
41968544
49126379
22362573
35825130
94939953
88766486
58974426
99866402
76029092
78108911
43889928
53380223
16735630
62183531
16248377
98543769
61591001
50359137
94354234
28982632
12828979
76997870
83869798
52801667
34587745
68638015
88532072
55426255
64195902
83364649
86446129
69585290
28977089
57552204
40869231
22911840
29310819
91772828
99754719
42624368
30193838
40698967
90688475
52406866
53914783
43475229
49431536
13767799
83619044
14839558
20987774
78109019
70956436
96044432
19629094
78035903
49227717
33373315
24578600
71518598
56912975
41448925
46649074
75824797
28187950
67532508
40356877
64898275
39869365
26521146
87837303
45292105
58182936
76341524
77157301
92642429
77826093
36468184
20263779
86372921
88780622
62854378
54003408
96744868
11771759
96171518
36464066
79094701
62439932
92931553
84120625
68924990
13883219
24280635
64377875
39299320
64893174
42972448
68865248
25512015
94073729
12490534
34079651
15618236
94479229
40299808
62700758
30485136
26069420
12508028
15162124
28377997
59568460
99104315
98259283
79127050
31604438
38693099
80253880
93381526
92005985
25104408
42577918
41281078
17685995
28324860
27199995
26181133
48206966
82779523
93163705
22891725
70667750
12074366
18216062
24842046
93465768
32200034
24278002
82467314
64533730
12116906
75840704
20582541
50927920
93610591
44623284
79401112
42400479
77633843
73533763
34319037
65574118
70312685
35941892
52447786
15259089
59458445
54767492
59614034
93472503
35868619
69693174
35827749
89011866
20457444
86494166
58912273
98945503
12176448
75263027
36446097
37979288
28679550
16495380
21350633
11935556
96193172
25306349
80932879
79656195
17762924
21666892
39974483
33794168
14108142
47907780
32833659
32544856
87565038
78228191
55204306
55025196
81875206
48371474
11865833
92640828
37517195
48719494
94005828
51596007
99868075
86375774
11710966
86585049
58841624
95476517
31587800
49262228
19275875
65700923
42096236
84825290
79206075
20925334
25253864
79229069
47852115
93503376
60905792
12215688
94816073
48076194
15148533
90756016
53164290
35603280
60331624
66371266
94844872
72578494
53755745
41039884
11518885
24801805
49061665
41389035
67196109
96154994
32606658
61817016
97488002
34197972
34091406
80065297
45089090
23101290
87389830
48480027
39235650
93369129
35708761
39783270
47534458
61961350
52677355
67396056
92450936
85734999
29349991
13903103
13026979
55962314
74504944
35602144
81474979
77945171
68865483
48486513
65929936
63721766
50729231
91276646
33843736
71357418
88246554
69837286
65817684
21258415
53739485
61397475
30415795
66463462
83372560
96008374
31472185
99883957
80287762
45249021
53226038
54686777
56141006
52173098
42980486
56112523
91118774
71110101
25178923
36691174
76176013
69393331
95096781
67185419
49242714
12565315
86998342
39884101
64602090
45412395
80813485
38536315
31463409
54497864
71253404
69182319
74488152
24376778
64186230
30336701
23253660
46675956
51934780
57215655
61195361
85659929
59270819
30781320
93264305
65711439
66906919
44963547
39541579
52121320
51042426
21491374
86976028
18033878
60928444
47517405
36003401
60885597
76939534
69785194
73704361
71600342
45604047
19396595
75634854
96841821
24848981
16301522
44875255
93132345
55640678
22749621
69318191
28592052
89308300
47210901
74012629
32343032
90292407
90700962
34258169
64352480
37454323
50513504
31954405
30944347
49098503
62865431
92933066
63528427
65940213
40612694
51285883
50401128
74946117
69109753
69268984
12697458
46619584
99308561
65544908
55336024
21526305
41009615
84018778
85155209
64475128
95223772
81265872
78104657
89587531
73912480
86759398
72145061
43459031
97505682
94298235
76521013
21185552
22537999
38458419
49761924
74050351
55514109
71801405
14270179
53377029
55133915
54652439
69686849
78248358
87145077
45578198
77555108
10122331
67521352
66790688
52676479
12210574
96265906
63528556
57658780
93831247
48845864
52687959
80457417
35836199
99461401
39870984
49204536
60061520
82866555
79286418
51833697
89069636
39511256
56643144
85836713
73534830
96162791
68526791
94064484
10040264
93532868
23041449
32046706
36499971
44174797
61382591
87341271
68122170
94536867
66956380
26957583
28346807
29058057
44173634
50401250
31675960
23455560
14328324
57720230
27523077
75738994
44222814
73494331
96666510
57992046
39849038
74355514
99214954
25422222
76642302
93840562
50689484
92044562
42560659
78970940
26915496
66730838
53918144
46094961
97661407
64394811
47064731
49513682
66988563
37799744
45950000
19306651
99769882
53848705
53594881
55672901
67158349
16253789
91025382
85428853
26075536
33158277
30919054
50674728
31940251
26132146
64729985
31168565
79782291
49909333
98767238
99040091
79962754
60664165
13437270
61426740
22939092
67468040
27901075
75991694
51552438
73679759
29240408
95779379
19218623
56022185
44882674
21161317
16035466
77027365
28145688
54385202
86196815
37084580
42735941
81230016
30429072
20752842
77759266
51696467
45301412
32705873
10274725
73560465
55491673
11038783
54842218
64387104
17445791
15128932
61381705
55640671
14965335
32091198
90479384
48978308
93123398
34331245
62288156
37845532
49318936
71274133
44144888
90489011
13828299
37487838
97296990
77853893
46189895
55307303
55824771
49935556
45270103
28615533
99325970
59216634
93551879
70921846
38090397
93562099
71837704
66371542
59442407
13238139
41700098
74362194
95526925
76323359
23525645
72122487
85283787
54292647
88774266
36621370
47358191
94699278
53759243
11153642
53701206
21356997
93910154
78989828
80587125
78607845
81524433
18286431
72219380
95899196
43278965
58501205
20911115
22826391
84282708
25281596
92306663
11056166
35570572
42478937
60776820
80318988
64546503
94386199
61185359
45045970
47173595
18842491
81356009
78965337
37815288
25206664
32779246
38046992
88974699
58650811
29229737
31416387
15293166
73748892
55138798
24645959
64952951
96855983
14206656
59032908
93546070
89672562
10424499
82496255
69706199
67951637
57132501
44897330
16266857
66192081
17682706
74633846
73770346
39605077
97221470
55649931
68936230
39563408
90962434
81947185
64804308
31019308
31729126
32601440
11185381
43081415
68256765
40727003
10090393
33115000
59479036
47666878
48777609
40290439
79710416
84349210
60467723
14892621
38697917
22853748
99008367
70823331
90509863
43193918
58796944
91751139
74081955
25023523
57616560
78390003
53740836
34970304
26897063
11102965
10482362
33548018
33223085
34590265
71336149
17044126
89703202
37305250
18001018
10931375
92780779
20118704
95339728
92421233
91831070
10334858
13206351
97787671
46883760
95066457
92636437
44772221
13483220
84896905
88641343
48723630
26170131
90496455
11791307
34182364
39414536
83809883
52250414
79811262
59980840
80351350
47777724
99389177
61426236
79697556
16248521
29326324
60850657
72713466
32445818
14539918
24235381
78381792
79561393
29818368
65285548
71532283
17036375
45624213
40575392
77906997
34748204
68204493
89680570
34289157
19791716
31911814
59764296
34919949
18456618
26289193
54761417
78803877
35209089
91223266
64911739
74935007
22992094
67670254
97647501
99587775
17454302
73772047
96029344
64741857
29067445
23890415
90024866
34031646
50201451
58115918
65170109
11463817
74189810
71933697
30531614
53244799
49590997
70092223
92564664
55112759
29161854
47213187
80342488
82575117
31064869
57577730
96766247
47718607
34966895
27279720
69411829
69282741
29634277
87319989
48572328
94507520
52665668
43611611
28897746
52991984
65395547
95464645
54495522
21161830
39484207
74535637
57163034
64614565
20318872
19349883
57109316
28532038
73087267
47514667
43872471
37225596
31210273
30613813
90323763
17137851
46032890
52080725
86873908
62553351
90717408
99217142
51071907
97568729
37710989
90292319
74289500
69722852
54102269
50701706
55323437
60300928
58852037
23205176
93254789
29948316
17933426
49344293
16658068
84813520
80086085
92519546
14769440
88627347
33780227
24875594
12404689
56907035
58309930
21122694
30972676
58171608
34907603
65871820
66712835
13640877
90686335
29976497
43110377
83756816
37641978
94585252
51822170
21553678
62812992
93577767
35170961
41531754
11379902
50112866
20574325
70295680
70665419
91698510
58928946
69739056
29312227
83005781
61502397
24949651
56383330
72626003
15152407
44505081
11995478
34024210
66641647
44015096
34345201
57405319
26366105
30016399
73092703
26904399
32873728
77415762
43740298
60965429
20250441
92300805
45681994
18326468
38734663
74360538
15822537
56785086
31799548
71437579
51075630
80109776
90308782
64368581
72860329
88876062
93276247
59253455
34182779
26018202
28906800
91397949
28883491
89137046
24868730
88335599
25978552
64642426
40929388
91702028
39450099
90896736
12081400
59140107
60708635
57222047
68478020
63973661
73125139
62228810
69981909
16536284
26002575
94164343
24416801
91763735
90216318
10243011
21404574
53849148
26064738
91403906
28031083
31678789
80116501
99220336
40627930
54323141
80082121
81453309
27798295
19617391
14777110
10683682
13382236
81821220
79630285
17381382
44620000
58702524
63731376
35020721
72952300
39973071
88081640
18256330
51682321
13239553
52883695
95833655
14364006
45121376
79669935
24512112
59779829
42266821
56607352
23454886
42399671
85920372
89791224
28462349
53686520
96078207
89563435
91251117
40237490
29706268
12081965
32709811
60043318
11428287
57891012
14622510
37935286
50308372
74540632
60038957
98776319
21430676
57751200
99333040
81893666
98324455
38381335
14843829
74875063
49600735
20432006
99384632
47200805
56896484
70050680
19296239
87138382
13643680
89190952
25180414
23131847
15539543
72416576
52677598
80462459
31500104
19266763
63686504
72688590
14048021
38940844
95417183
92384339
29530298
24184593
75750119
91766022
93921685
12472957
40612499
99799829
16571609
92227584
22734722
88019639
10140250
72934471
29859309
49036346
18920965
84776035
26351173
33358274
67109776
67600981
12697897
46644585
34081637
57003818
25944266
17729146
79920558
32086780
30616739
29223916
95255085
18984182
47668481
27786991
64401025
26007142
83049358
20254701
30857430
10588357
12008553
45285827
18664401
34633533
83362698
54383070
85267624
35905430
55720387
60152336
54122214
65194875
59951543
26238805
15274328
46392040
34089798
43947779
30213128
69691175
68547755
61450053
78282876
83454729
83474597
81486521
20952314
75551768
98768209
31315733
21024017
18293468
39517239
54840878
73550491
56128872
48922899
20588843
32802807
61762888
97712562
15883660
85753405
16663777
87774188
89367121
26428666
71647367
38669834
65033101
17718402
29484743
80119383
68658989
66090552
25155636
80981423
29533276
64439601
64538300
99850845
11665046
75889411
76150898
38334596
22639815
32689569
56844842
51168680
64417013
51618311
75187279
61241386
28233650
15815932
83044781
63717068
25273966
77100920
80756594
69137496
39667594
23286520
18061449
67591244
42511187
39151367
52413088
98478228
34303204
36813688
17575173
36677193
50156283
67745783
41870103
28304152
49287010
21341595
60630468
63031319
17498503
46499248
44784242
36930361
39177686
32983144
14909668
10923034
52458977
36929697
34504923
74292226
22939439
34886661
73094851
82365713
23671097
51726898
66206240
90613695
51947202
11233708
60876358
89382445
69960452
41214169
47562070
50478589
26042127
53735261
51632190
44636949
16058994
12297430
61352447
69849191
22106057
81588568
39675011
21289748
27670146
36523697
22271336
45411177
26893232
32494590
84904236
31457631
68516509
54258729
98748015
61901528
21873649
10586785
51881179
12976458
34685588
38310173
51765008
91167755
16554597
67532544
75564379
29028891
89414366
78893617
41848778
41486872
65253728
84558483
11424456
79131679
29412438
53171424
81336644
39756743
93466383
30162451
11537731
75808129
65839259
93252196
26808043
15879890
68935175
16450504
81377239
46036683
84921468
25947734
48464354
88608465
61805095
41725491
25172236
34769485
94822093
20796220
52353481
96778239
93613852
84831060
87062880
57048460
52814284
31802376
72262171
76180014
73549112
13716210
94852499
25444382
78208278
30027997
21292977
29132073
22149138
30261134
44614207
14589984
80073818
44335099
35800194
70982848
68934339
78813335
87906428
25277635
27877153
57300532
68101179
12773763
82699535
72521391
76296744
68072107
89155182
78238994
68539655
22518699
47021482
23014883
21237952
39698733
65953670
18228823
39855934
10874313
13148603
94648965
25965288
43340715
42601546
23191024
62290565
23385974
82963091
33187941
36458776
36466297
27380309
83035996
16392858
12188164
54448142
63829990
55606104
30833752
92456832
10242752
35957122
56125092
69800421
98812103
77840284
17312535
85871812
93378899
66445297
97830501
97629410
99740746
99996801
52545751
63022672
93230760
47023091
26828937
13943064
90177459
33382993
64530344
87944014
14105639
25758015
74524700
59979679
81750724
90661097
21609373
30653004
34608432
40210901
65517365
84564501
79381688
65091228
83748945
28238942
35241795
25473227
86965722
68130012
53520104
14328968
59724329
70661233
26474140
73361387
91506188
17250614
42835297
97340208
74630197
70392818
27361947
35549651
46623755
85216240
87423756
17365920
15282377
47516691
60892880
34229100
72762741
91652429
12315423
77768103
87440817
82178760
91997596
62133404
54056245
64048820
61702798
60116624
85637921
77801715
90058811
89675249
79837379
85164959
82988507
13740016
50026610
71052041
69112939
20997393
37014585
98893172
24202381
72161735
44954365
64776688
12503718
67551398
80531495
40089048
43660659
76905136
61503360
46764206
96006701
66983530
91991031
38275690
63802516
71236799
78620712
67815722
48733300
54287712
63340401
18469412
18166826
43638033
21003995
60049435
81016902
42438512
18301363
55866708
55379326
29195668
88807131
51054874
22354504
34118219
35190262
60991683
78136850
11718572
93323380
13252802
49887115
81399475
45486955
87471241
89132684
31698932
74106632
85262601
62503451
93189330
75816134
64875665
73405883
23079782
68179963
48618708
22912778
95928752
12962945
68283918
83746403
89829407
53777627
79938130
77181564
93498520
21347953
57771687
92982516
63006341
85045362
93003117
25412122
93819069
10924005
63494064
18840407
67770056
58901643
83942298
34778195
60605320
89365821
46776576
19898924
56417399
85332069
74353489
48420439
63097507
36046665
81587182
97660700
92571160
11342862
34473243
98732143
58386876
75294770
56689189
83828042
71922599
24126908
22042525
43530513
97591691
71351108
99514712
70420017
95440804
59891364
80389260
85516202
92877283
13085200
58693437
25017711
87301688
84275201
38514497
42464338
16259338
81954263
82349132
55798794
47136200
44780850
15665112
38638496
27577959
74101298
67852705
20685946
12095293
75691635
54193965
43547116
62350915
49174165
36020178
82749340
82531933
45008615
17956225
38007688
89650628
12333968
28187848
77735825
50726921
20473743
85828058
28624984
50515359
58779038
76558636
86842096
83235035
72742638
92108069
17237372
32802210
18167040
24702915
64937195
46906999
14062076
28515068
49906707
94402639
65522545
30787859
25504651
64615505
54568778
75034890
77982776
37931608
41800467
60408992
85001406
24878496
62976301
32152215
17504421
83039279
19339677
35219689
45511769
65061945
81944234
46667768
95540317
43362442
43860037
62013140
84856639
51590449
69612811
12370606
90295787
89519759
83784772
22713928
25468829
41190770
86521218
99502122
92290060
33898336
47042741
19373145
24009550
59249899
81677845
48943400
16208287
89842381
73946142
80228106
76913899
15636084
11477655
32247367
22904540
60930996
59987330
80354843
72608621
93727080
98788651
21085657
93762056
22145995
61456543
12845927
31338901
21045368
45736656
45537083
52453487
82064796
57566995
69165844
78236484
78386092
33469335
70972478
16805817
43830174
91302733
49069042
88556656
17642020
14313463
46124795
14516055
65665451
44188481
99676720
32442619
43237220
88572854
67330386
92743163
59130648
89922060
72639741
67939643
87583679
40873318
90923497
40034120
78783914
94227038
60698529
13635166
54637307
90521962
66433761
59656657
63421875
53170813
16863537
63823672
40235877
48624695
43108745
21352297
45678450
56297197
95434962
14076446
77346834
41720601
23771390
86252221
74183435
75389120
39118335
15879582
93307309
11584804
81919226
38172045
71525430
45216334
46960619
61049071
70321351
97917932
77789372
87242587
66467410
12648230
29180780
74436333
10321832
58642215
73301001
30823030
21656428
55016080
36480471
22322264
36629658
13862965
85553085
49683959
20398289
88899067
17141857
26238966
72866078
36086949
72226464
38784421
94124307
36323012
33083767
45129978
53872581
37498462
98514188
86997539
84198970
23179393
78781435
40443620
53988147
78949434
20269783
31135591
12782469
45889931
18392933
47613512
92279443
52352389
53807695
46720502
70082589
99842986
16398847
22355170
42211949
14544498
54615415
66696392
22641228
28580537
64441698
91344102
90566121
50607683
25730816
76629506
78003178
74669176
61156928
77504978
87785402
36781105
90937908
89759801
36277448
87281277
13475365
79805333
19499276
39513839
50775050
54144455
89884453
72518190
22589832
20787805
43309079
66285628
96993559
42923808
91538381
59868089
28126490
19859406
32355908
56126146
57949151
25512147
67245192
47260391
95982294
44010620
13134049
36083094
83754144
53924785
99114703
49745384
44198093
80780037
77748415
64207727
27126936
13541448
89885766
83707211
68803746
37448184
94769985
68327974
19192261
84515734
11085450
53108313
59432483
61402444
40958416
72306235
90602816
89682132
25370103
95942631
67303143
25001907
25026655
90535504
59727946
19071019
41863591
59600838
53956846
26520493
84005721
93161417
26298993
56355906
92672458
67434316
75150340
67050388
49920659
48702814
65681492
14684133
18283839
95788132
39668448
47795494
64397353
63152934
57625080
69913450
23432517
38391069
92459082
28613447
46498271
85981233
91742663
64035110
64048356
51559295
84500444
81072934
78339862
33214843
84584594
25905984
64056195
90723858
51310757
64513323
84422236
22611830
31860916
35075181
59666474
62701498
98716997
37437855
19761863
38515787
59518532
33148539
65876883
30662531
93290283
10331319
68343276
56131699
50077700
10666933
20661618
85554763
76012537
75903202
80481939
67464222
28816359
98827083
21866514
30872747
81985881
36580696
52177810
52147473
35942465
16857957
30948132
62605841
13600340
20981439
24039698
61931021
93842081
97409885
24187429
24690480
50249445
72505744
28493844
45241858
88119310
13509080
46691664
98269644
84745524
39005814
22374592
17066587
85543112
96055349
94481410
34010462
85538703
70778260
52221638
95226724
14840405
30786393
74474666
89347989
42489637
65416819
31552013
22707107
62457548
51786322
68719356
57361612
57594493
34494394
46827138
42626882
84773035
30302952
91105010
54043072
80670206
45714515
35055255
42567168
49916422
99997630
83926276
58530418
58324169
31365196
62144707
87051195
66244924
24783344
54329060
19651249
66319191
23474393
99063471
69199488
99503585
22221908
28022249
37404253
76785739
12107388
19137524
90047426
52624579
55643121
32207348
75180650
85093670
56306583
50191588
31303535
70064210
88693483
77147506
57108949
99648851
16347722
32970093
64173521
42062572
57238466
77948616
10948982
37501454
50293273
98350030
55872460
68799497
36232964
23434522
64536297
31210081
77088891
57197891
44325909
63525873
12825214
91286390
50853754
71975244
79745457
98321630
43845973
22418784
86085127
44287616
14958388
42700409
94157102
94734765
19192015
98585381
28365774
99878671
98798727
37407175
33906094
91218520
66248896
24049861
70787027
45758475
66131572
42932928
78692552
44335905
62266942
95745133
63591152
97319120
50005556
29886297
75111206
75193032
76638618
24140547
50800675
57120161
73276974
41727102
31723527
32805924
82341717
91821834
92111443
39763174
86004148
85911800
17720635
78883800
24588279
96106578
14352798
47509644
50727697
41974383
79445756
39178616
34463323
46791726
16783896
90636308
82991223
70230102
97298651
96585145
60001008
15086159
16977245
64142225
62062604
27542628
41910594
82018532
64068204
45914353
19368004
40243213
98766250
98765712
93198872
48859894
85751627
75194242
89483745
95224434
93674610
16645342
30898026
60316725
17971937
55026237
59796105
15570012
82274524
57794896
34297972
92879449
51647414
73464302
43394101
18709264
55454158
36995721
12636131
70949644
23107209
88357730
73232067
23500044
25469886
29737878
52233371
65830594
67490166
11985993
62721220
28713876
73389940
58162319
30651023
78497196
96744738
73527841
86840302
29219664
63710601
68234434
65647649
17244984
77923230
24718197
48558842
75044114
60181877
58988041
18930527
55634820
28473141
56690790
34855923
90187824
58278895
92699220
92741819
81013902
20538375
11832904
75893100
29395119
37097191
49095037
60564601
28285192
15908310
95313031
45167527
53974550
67668092
65820977
19853837
29263644
27371323
30797218
38308890
14386835
33926822
18455890
89524465
12150268
51648108
28257606
13843909
32419400
49359953
76468912
59599565
92542433
79918008
98924758
32642294
16488231
22380829
62722460
21441728
59598216
88037146
15595579
53671673
48999431
18876391
38048530
67721029
53608805
35614668
43519125
64801844
65420577
82070609
60442113
35406817
51998559
97817833
98133459
54072681
23261373
81636023
75207177
82058745
97885931
35111461
77286168
20206437
86661498
90053858
41983452
94909445
82704631
10779086
14089394
76148023
19971865
13856990
99515591
25263368
99734909
91459177
80992889
48824526
49310360
63910073
64409056
45634470
93512434
63947621
94568639
22833585
48559824
57945929
81995612
26667363
43407459
63985061
46177754
19088428
65926538
53716739
35035577
35068106
65683794
52920161
53061527
98670106
22452892
92026448
58157990
69769569
96001061
38830038
15179243
87864893
92708458
26356969
10681602
33018106
13610119
72084839
12297191
67914523
68076846
58145133
52267607
73996559
59769836
64711068
53880420
37388989
30172423
11549665
65487933
37490222
40008642
42497494
91899546
56826046
62606144
50500509
74699150
57818788
14261723
91470425
56362368
32614949
75583771
52376538
88903819
51550223
71156123
20490690
70102178
92740195
46365799
60311764
49161971
72327198
87266935
99744561
67695867
12440721
85535070
57691942
80858965
41843342
71234512
30495173
50965530
70641430
68334220
50655855
29213497
29149001
35840069
57206678
41652325
31415153
30344494
10759208
70241413
75579932
40525834
31719655
81756999
98407296
67963102
73088303
49385697
58252969
65798775
81213033
66633952
91417323
80020778
27411339
64147774
54455479
28036930
73414568
36925780
34740842
73172818
84269567
46991274
24582145
11655403
59395337
31891503
78533381
51180607
58599106
52304849
91362178
56374935
37769112
79949803
87260376
28293945
83982655
23528016
42193375
81105962
46420894
79146185
58243079
39533691
22427415
63966508
31767749
76069796
73537030
57062542
57160397
26182810
79301374
47019942
37238739
15499658
16286934
56939720
72432003
72188854
48832167
61932546
67971114
96579544
50151540
37517464
85256024
50549734
41381989
31334610
76630893
16772251
74613146
67316921
54134495
23421766
47445137
41960648
16606426
80281527
37736591
33305111
50670549
62124442
23588362
31992612
46717112
48120719
39508636
90558929
32743161
70060876
69127999
15346661
29048841
73641156
62768934
68836206
95364042
73050592
45221938
45382922
74203515
61475636
26182839
35322123
65877560
22350243
19938387
70309152
51891747
65131825
15899430
40709420
18334920
51792679
30041359
22973335
79755436
18780232
14315667
39660849
46534455
27928159
45210767
49160941
23090007
74056964
80689823
81586829
79697770
26228394
53926200
75401122
36993816
34489608
49460673
34958950
93027676
14412236
44665428
55538155
61543967
61229382
76023095
69960690
97886017
16754020
18103728
47347367
99070563
71780730
80407692
90126658
40366381
11706738
90008669
38916988
39840440
62299462
64355600
67587571
11416106
84303465
12495530
85555489
66558466
62566690
26518110
77922065
21889397
20141087
66162785
25263173
93373830
12534282
69647514
31294711
66668080
83260271
51463274
48789199
58973419
30293986
47541559
48973832
69463941
77431496
45182742
41104436
16028355
76093234
78646668
48940845
94779604
65892681
25694116
93090925
67153219
27072568
55723364
82467219
92426352
88057208
50071188
60412936
86653083
39200466
98434514
37682827
99482193
91929984
22683814
50116377
82271025
36738783
57466099
37026359
74020280
69832921
27360327
71843850
39690907
52507409
57306629
85967399
96134095
48673231
76736073
16219696
82444059
12236548
42721960
96478369
97786941
24106620
36753314
15930120
61302942
76870101
28489081
89796703
22274117
96990282
48572522
82007571
28681622
99339275
60823756
27858334
73022799
34063014
67728244
56806961
10426775
78995244
90864997
53113931
30656187
90732489
71232644
40480115
70039975
37974025
31892984
54553725
23701712
45600185
23718704
42448749
42314049
60828668
33644333
74970406
11843189
19751943
55945163
53587760
31855006
34663609
73652860
52699389
84237663
64516541
51033588
94532016
70991697
11783641
76057578
52725761
71579803
79325703
13501559
55443279
93283030
72356989
59777538
80017969
28122658
12331578
94564621
32783725
86969601
58040743
70605622
95824077
71138680
49942222
47404853
49681517
51926690
68764142
15836910
44291115
64377442
52930599
73523968
32848984
69462190
79478920
60020985
35910317
55862188
33001466
45351535
55301142
92215317
37719947
54117574
69421396
39860216
57965171
17172148
39816504
39665711
74170166
39873608
57708515
98057932
18797130
31165894
26355461
31784706
69012250
71811490
88951031
33853026
20215296
33452009
62931770
11030393
43726897
32962565
50187769
72592446
98272118
49333263
28076648
81692418
56169395
76707741
53566904
12741966
49967586
51796452
46037219
84653440
52062596
67451865
29558370
51009128
80683793
99875300
56969920
27089684
74656096
57313427
26892168
46909154
48198160
67688475
63385219
70677537
77728106
20953720
36890644
26622209
77878139
56619196
39453492
39127003
52081013
92570777
80021039
54233027
22146915
69847730
24072460
89738701
63492728
38799854
89256414
62526874
20658939
52839012
39234568
37007784
71534318
57075730
95955319
96839171
77118718
83812233
45110688
70800551
95692101
39849095
28384746
57218964
14074277
44139443
39624010
22404509
80048822
55754922
81897722
74464821
19304748
72609739
76879946
79968210
52577126
80584444
86372363
53661275
79927979
34182084
97757946
61785319
54384357
21197565
51531597
97457154
49741122
20775821
17656119
57764076
46377919
11284806
74806401
34761952
81113977
68564091
75792766
95685641
73681999
16102362
92488752
41510250
50310618
10552326
14595913
57392468
19207116
92994246
75323425
11701793
66140560
63932442
64629043
96733269
59348262
72620371
65404516
91194476
43773431
82804223
82384627
92812302
70356300
26402535
46160472
76937350
55020692
40185733
59837298
46335308
28699473
34514238
27336286
13314532
41361100
96959606
66650703
68987163
21566552
97485223
39861592
95179365
73276759
28223911
42106757
29803580
83026810
32907464
26014866
37646754
98932291
57576584
99898103
38152075
91788260
16710629
74929050
35112312
15019093
42290645
76789820
47266370
45288500
22089050
17154795
45396828
72739034
57351118
68780322
33953626
90750582
12135141
59138236
76763748
72764592
57652031
40161205
30012448
18512268
52149848
41178908
89399853
52528368
32394485
71283687
10212943
39516268
50575813
19751167
19231355
25025015
65763623
23896770
96236824
87327079
96252366
61724158
73254139
72284018
53155671
76414518
90529023
49395349
66982027
25443957
31920069
48846556
58794897
11533762
69594912
92744516
80917367
34919940
69203470
69041129
46627859
22468140
33996588
21523205
64143252
51508855
35029416
55018185
17681295
48767332
83123563
62484783
94100607
40428474
34569453
33254495
40665673
33159390
96383693
20874430
23047093
40691039
45059361
64440185
38014335
62202367
59667829
52053346
92917525
33153077
99178050
43232490
16802978
26441481
28916662
70890359
92284014
36651255
58293571
56486259
87232325
94677323
17154613
66597472
96329829
64013316
63488102
15734825
83050733
66526382
88792488
59798454
91229218
66747319
37302874
45436979
85952514
37446534
80578041
76595161
22970105
22582133
13682900
85732800
40268185
14276214
47679544
52118209
58298007
96041820
42705127
41907232
33744786
39814719
96715834
65620471
88342025
14998286
83638878
74274893
71973717
42114430
76085095
21450908
51476789
17670405
89462292
84984132
51571320
80023774
71572946
96580128
44267711
12535077
47577511
30280505
59664270
62261131
54946476
64551876
14499307
26363992
73911809
31222246
33130463
35579648
35256133
23125942
21909680
77927636
94011283
76011150
52989437
18839113
56007550
13053829
67163086
21048839
55760420
71793685
28900311
41216641
22005273
32591215
60762687
72533804
97696491
24398361
73625687
99852845
61532707
99270915
97116434
82802146
83402139
36921104
32854301
73877980
18843497
69156399
98155546
43185795
43333156
27783600
79576652
37579554
19432804
52498971
47281245
81649899
30241595
11830887
14761819
36022823
97834429
32635170
51871139
62137218
57191980
40851005
31219533
42476340
21725030
83242035
33103073
34428497
68822401
29839945
28312411
22285370
93338697
85797504
57615163
52612274
91461233
15169473
90145391
56086989
70218973
45613101
39035174
67008153
31709154
91686630
26388349
67489586
55856853
56840367
34766459
72610693
51818480
35515714
54319113
46931551
72043216
45058784
49892378
78561985
38328320
55462455
71681249
37380731
69931497
15981416
46993387
51962390
78230730
20719462
33355451
32744821
59178611
21728036
47685515
71927788
69843786
21049923
74508972
57573715
60691442
46978958
22270665
13510232
92150604
39339734
45283242
24290291
36072740
50670872
35670545
44602932
51853744
66509977
92249514
64857333
89909604
74160593
83052705
27316048
53034675
55135149
60846330
79135774
14891950
31877729
66814657
64229194
77363145
45079548
89549582
76802287
33433666
65317764
54099207
72491009
72944628
93892353
85587599
59125587
53073930
12415343
63394208
63544209
94683686
73680611
10158403
36727060
67587741
51373693
20294582
14054053
13432095
33904041
68307710
99867006
32797560
83454303
94595253
79523492
64777681
62950436
63939819
12799052
40694970
72696958
17450102
76209988
79238717
61109813
86550627
79497874
47283055
68649267
58224309
74690224
85141248
17100651
80984776
60926553
12227890
25921820
19172096
51523412
96546217
14407683
29081762
95063314
46928276
59476286
22710954
10551276
37072273
12734675
77242797
28409575
28950400
99543959
19969690
78007938
25739573
48451960
34883195
57553905
93076545
16302715
42512626
50910608
21775820
32827782
90044804
89758149
79328052
64147617
70778212
59599575
11957490
73943410
72156726
78481985
99378299
44126285
74251821
86083821
82040802
14877402
67676922
32456377
92342115
35212867
74380197
83420742
36864795
94771241
14908454
40871402
46165588
12988894
65063833
50841957
88803611
29099423
56947886
90767060
60299166
43247949
63613707
86917981
56845970
12236981
97278663
80215840
46182744
62179249
45352995
90621549
83644158
98624748
98332689
42769015
92986414
28682640
61116161
54449808
49486882
91672867
15026074
27589782
56839353
72758697
60266616
92364301
85454710
65674618
84758313
46597951
72183288
85081903
58830489
99421549
55393510
65164502
67098475
38335387
73316404
29593450
84392789
90046956
79814297
77627090
13400401
81032558
42239664
87397624
40942234
97809797
31315533
92222392
50197517
37593927
24770497
82584116
87973374
20934090
14982969
14175183
12153198
23103330
45534724
20357318
18740486
94301992
80151798
12071428
23368583
91213431
38983341
92264136
42377623
53876200
21897214
87258390
87660031
44519771
64000777
15999739
73195257
74688093
72115188
65808497
37075968
94195615
95426132
85026994
60222120
58820066
64242600
79719511
70610311
61499825
68355339
82273709
46298406
71572643
90602076
60109481
57282600
62841481
24084180
20668096
66690672
91847761
35113242
45332818
98613707
69236091
28533689
36201115
88847142
21703028
37270682
93130567
50720502
50813305
50621154
94446270
62092214
15902518
75401946
46689925
52357227
31759148
82917341
71919015
14485665
66340648
38186111
62122978
86096118
79275434
28426059
35442738
63279654
85502197
20257832
46729257
84142636
60198055
40772732
55096237
94635148
95597847
36752388
67943103
24087271
81570466
86550703
55691499
59349621
19882350
71154489
51568967
62925267
75536732
29675978
49121682
17246168
76647483
44849445
97442327
33143637
29618884
62026282
88776110
19328571
22266406
96767019
36392714
61097223
80842946
70493533
58746090
93974539
73436971
65151847
90678087
48067433
92153503
85755484
89997004
80146213
62651060
65407575
54068381
72503773
20211072
16968354
67612283
83688302
13130531
25086897
56675135
97689597
37525861
22495154
63970535
47553803
62129513
22452045
66109357
21414257
40665758
30060033
91190150
14467341
17653861
39023768
45020336
70062195
10620319
86265756
95392247
48490232
72803472
17606548
59424242
15461396
57814963
19343450
64345758
10169936
72761016
36897136
10480718
36095582
67571008
44845965
11202464
96283041
71581195
63771964
23743526
65374421
33310774
81740382
21610462
66222934
22229338
92258322
94252387
69676394
16867574
58459673
77532895
47957408
80052099
23375078
51677148
14858078
63291634
60292654
34769105
54054045
53545665
95115717
52016062
32482269
58269440
20766824
29483208
20400678
76146163
28887546
24838518
74061259
45399014
27706911
77347356
32097024
46581546
32313544
43520342
47318756
22569324
83374919
61501119
69548315
27607455
60692816
94667468
63832491
80974184
43891015
60936441
75428143
10835781
93422838
80815234
89282447
93731779
80554309
92151414
50076001
25786473
68334354
24040927
55086680
18430026
47129244
23858989
25565145
81311752
74912347
51440209
75819086
19913295
23843842
80601525
13569279
61760997
97462303
44862069
14893365
84316069
69896978
11158937
69973045
87216428
29776737
24133776
70526887
23876922
39601924
11314405
35594269
28777387
81754297
30051063
14991054
18976629
43161571
55104515
55026686
68529798
25237932
71883472
84767113
23102614
19306450
98989196
11546378
82916165
89471263
93083797
31385334
26858231
17451129
78012212
46919188
86462969
49002101
47472918
21521777
69324298
75856111
40130182
49282091
92765425
23695654
98725368
96373846
55301695
32632382
29391649
80749535
13417319
27943475
14515172
36662020
53305989
61083256
59178898
93268504
71680306
37561479
64267462
57564051
90564957
72410225
54217048
78050532
93432389
55022705
29256793
55114038
63163663
39316131
47040529
22751655
88612804
39435470
39729945
45929708
33785735
18374395
62648260
72859287
85608369
52056104
88055704
63732134
75462206
41364645
30810287
65562710
69986397
63020418
10766054
60107220
93264135
96027718
12965220
26445528
25557079
10309367
30039982
66474456
91018055
44399160
62830018
27419509
44314529
86634351
90890227
20767994
91895074
64249662
36889181
14879143
31990385
27056891
47513277
58643561
71357983
15494259
19294100
59964517
97295250
85953601
47610235
35643146
51713749
69466316
77501104
91491357
47875252
44694435
60367085
83361081
34725309
91473666
14094351
14737762
94696624
94999959
31611800
15147677
91141622
83487203
97315372
42502083
40987960
24225287
64947606
14378082
10150925
42834429
63263675
72408287
76819952
49777390
98616091
32679263
87394461
59204540
90379370
47367389
87399244
39749484
96973169
33660082
43058264
85416634
99628216
48791240
97140029
59963736
45873915
27389093
16604332
65324071
76666711
83276612
64432682
75316695
24074518
59147135
16154580
48794214
10135286
88414000
12596005
32750541
19227562
89144244
19368001
58430481
91871684
44811739
91865968
87528018
73360324
27288114
38544810
28423240
48112574
29718692
54588386
53935521
83880294
28610405
67159827
80992053
78420197
78787022
76804340
77856959
64168851
65243358
25733678
10150424
32272518
39881107
61022947
29309973
76999973
64114746
89541997
39909300
61858674
58703280
82857280
34808767
45718054
51992717
58551967
22471668
10893629
77245087
51706237
26096366
46747501
33491070
89789546
17241929
59909382
41402292
38326226
61093155
79746706
82944998
99702622
25462564
95658447
63876173
76853420
59663608
51064469
99534415
15155505
30220066
47104214
95894667
19196351
87829389
95247596
77281734
20429067
92654440
53661894
19781636
76697555
88006059
96249687
17307516
77732158
95551568
26979339
50790417
41305372
28080557
60775215
22881406
76045933
71159352
96536022
88418724
22610541
31342338
63054819
73325816
47028973
63274558
42399464
48023373
83413877
89680347
48991588
91323851
94476163
92057955
15364054
92117714
43598675
87051635
36247624
32301110
37162767
71538737
96272759
38590605
77865190
15138118
67327853
98049949
95482807
32753880
11399649
91129063
72470160
25077138
18175265
75169775
41591484
98439981
87845000
12176659
57334862
68047937
17739677
74224126
89481306
94994020
53968588
17933832
97321051
58304752
17322094
66031655
41729586
42698966
67593830
45539778
41747024
58760440
32077773
23913614
34922399
21143493
79729822
16868384
55166371
85283486
48432851
43012847
83993354
57517586
68854485
66143390
45901143
68781729
40942252
56461975
20707670
67643002
11617240
24580760
59514332
85700871
44522163
63369714
87503124
71406174
41958020
20296795
25467737
18395033
80283062
33572191
43971408
17491040
96736908
51761161
31491530
86430989
33862563
11050825
47403079
79765665
18373882
48225573
52578008
92681985
36174725
19593558
65715148
15549811
27419028
43084426
39731425
36286127
96210033
72586565
71542194
31256286
42325399
18169520
62269495
25332902
93435459
54251633
36567362
66071096
28545924
64626488
46657335
54312559
36931217
15092870
23685926
64850152
65172138
26745496
12775651
39051535
45154361
64472673
39032836
45584851
45325773
62867576
71307480
54314585
63407420
61711927
96765689
60311150
17256606
90903268
77450373
29076710
39813830
37448700
85272372
58411741
76282133
50013873
38316186
23768359
75451912
63817742
92235408
36874773
38245942
93174552
37920041
56035217
84668059
73147593
21593110
26237482
76245757
78312549
16430645
21253471
74061405
72524248
88773293
99292649
65531079
19220328
13191511
23068560
47289391
58779128
21065311
17139576
52192314
73645376
30930879
53623178
91116445
59860182
89356828
54824464
98523606
31760508
65010180
73021138
34699726
18898643
91139631
74016787
31886364
19291512
43501103
52526072
46233085
80009700
59743245
79881998
40616513
67698805
39922077
23117769
33427279
24435964
88888948
19045232
33570776
33195917
61458900
40748125
10065783
79210925
42427756
67814021
11813124
21632159
46024288
43532000
30349330
26444684
47527419
58579607
82766801
19709771
15255028
95638257
73759037
80150375
66081933
19324336
74781296
23397077
82586054
93198718
87593709
27288863
76064652
25352049
42935987
73325339
48560435
14874075
98410280
12123400
82859274
33831211
97501545
10295721
39244246
33655509
75766802
64937432
20288343
21128166
59357982
96992674
10176328
50553517
67191762
19664778
40965515
61581261
85569238
69728048
81506285
35155762
22209821
69072932
77380455
69166788
25123610
47596869
46466660
10240464
67915690
21327222
79147218
82264623
31599062
29870737
42021461
18586874
87910257
38259718
32138460
63532170
74626877
73232222
91719386
92645888
29649069
81138667
15406389
25262434
69169327
58364992
84122551
90899572
18790271
53620286
78033653
63399686
69954298
76842904
59707841
77426176
96690472
64411946
75915977
67003072
59134852
63255162
47714741
96778573
32464538
97864764
28604956
41461833
65541391
45747879
32406177
79415916
73570596
69489978
31425971
29929796
78071917
48050288
80449419
51367574
55007972
73748284
98022865
37636109
99497214
79352787
99933653
27268547
37314047
61793858
74485663
51729760
73990067
32793523
39362124
21333505
18489314
65086165
12415638
28408677
10527628
18401957
48343599
92990059
95354854
57689338
55258366
59560001
78612229
90351363
92553061
29326305
24590792
16397923
83862859
92835219
33239940
36613039
44939644
39624151
86563559
17919911
88163753
58497222
98747619
46934899
99869194
80500715
82374534
15982305
82522694
55022566
34304324
94442700
81911550
77382187
12376987
69999005
11219802
63108712
61717045
19331709
22288767
35742984
76781418
67527562
40730344
54335921
96778436
61578281
80981202
66628184
47104177
99586650
55734816
27402995
33970283
58495022
39897663
63913176
10099047
69613056
31235174
93024382
88777085
14486770
10956975
76390575
59662976
69085455
94238048
54400026
13032617
15204945
57692180
17446706
29893707
33788200
98122528
81164190
40196605
60873460
39350110
46632103
74972467
56211340
85855068
91008935
98286593
63218761
89717390
10100767
58284093
49911920
40661019
67859286
96207981
37456351
30272420
17060954
65380526
34317464
47342792
41867909
65320734
75010661
15957605
10295665
56518991
22398892
28416011
16265601
97528569
26542073
55051987
11254264
56285283
83172484
38170947
67365200
28664568
46758931
42148023
52921583
14229169
93669110
48814872
38393938
90864489
82947476
59858826
73659983
72145452
69893314
48519832
10451920
84652126
54096160
27705315
59112795
81573787
92317333
34398616
92872857
41112463
34568606
91603394
60715107
61923525
79745376
60286694
57345737
11830894
97260266
47344475
78960162
39214705
31458639
38392724
38326878
66280469
95099217
99628769
33088314
98174583
83255931
98216169
24097517
24304483
48873299
65839216
37608811
74430088
66459352
72383942
69816418
10711278
63731987
42649425
49816877
90265598
38406619
76314868
39306667
53795631
20576124
27985488
25657887
26066432
36700984
20619405
32884666
88071020
26308341
95354695
95155647
28931825
52173266
25001041
51873305
89391740
57380244
35791151
52004144
71406564
10138621
31886224
15860218
73749032
75182783
16893820
46864456
89156115
10045300
21459617
91156406
27479904
73154391
32462631
17617121
61545493
84091625
32873204
45055094
45216921
87169589
42934809
84033180
44702869
42119023
87628378
29628249
98377151
63027909
28258611
76452458
23536618
93709018
30955434
93149309
59176080
50149709
66613393
83227931
27768653
90544311
15132370
90894102
68019887
90786363
21825561
87768827
82919411
33733374
30600514
90204007
42459424
53366939
22760027
76932921
80812120
66908840
39535628
39542850
43449344
90398060
52622085
68190135
19125153
32788511
73268969
37309535
80648269
19056539
45594041
45540594
59502879
34498583
36208243
35598342
33434438
93384800
98429405
99578049
17323427
31319824
42298836
53976274
75634539
48364492
99580484
76009978
87968806
19632395
73423144
18448878
16424500
50969111
27641700
70921049
49285483
55856286
48114987
73957823
62781708
45673081
84204155
95219669
26480496
49937016
94019910
14017731
15326466
66255326
98388756
62909545
80161902
83525393
10483182
18651881
13308460
67386022
79898775
54148390
35083860
21389245
64857491
91280602
89707947
20762815
40234978
36962645
18811124
25393620
90165071
74783352
77604341
12444671
98266177
31871431
68283028
62688066
37772652
43404416
77854759
96538879
25617725
96983405
33917504
59802628
75977783
30639305
45928438
50356055
45341929
50624017
11571307
96967318
12336759
75602324
54299272
96766750
67181719
29728693
74810249
85614608
59860121
25613277
27595856
70221424
31222334
50950889
59480891
35189975
20476634
37535741
36204410
54400075
54858171
93028315
65209150
70141407
19998402
76914993
66238868
63101963
14434247
63939272
60701746
32571524
62351831
34355329
52869191
68882016
63935532
25083676
29832099
79116084
54087351
92980901
18539225
47797379
54854089
76284891
71106072
22749891
74867331
38659787
39859710
84643490
77329015
97745337
84198227
64498276
62278140
49634363
96249795
25768791
93444176
87754908
68224772
52168002
58715028
25990559
18270391
98196988
86317114
96725558
94381753
26551965
55737661
36471622
44707146
16520854
96317368
74947649
15037823
30883029
37839442
37034330
65723833
88662641
63685220
11244821
40725758
70683570
31600056
48058809
92112214
65982830
20114565
33090146
74654528
62827330
76252039
78945793
76922845
70452102
16670242
78876143
87526211
97320665
91843430
25389551
53200808
78511086
50410142
37464522
93651588
22391437
27643595
17398204
37776641
49818448
32308512
45148225
63155667
46456539
68645207
12778368
41698343
23381147
54905930
15189357
56777856
11026962
85735486
80487818
50663045
45553085
77597295
11037640
77361485
46757578
13346104
63123900
64126902
92477642
69720579
17669710
83911911
34946265
87767966
14887995
52277249
55771214
13844808
49922010
27121976
47817379
52466320
88384797
68531364
24197653
34474422
13525467
78001613
95392360
27921321
61926823
24476829
82819434
62093114
56548372
64964729
93678696
30273693
59194044
76785010
77124446
16314785
73702719
26169374
84281890
33027268
14130055
19724527
40983437
60591935
22361051
31736917
36550968
38456154
32720589
59350080
78956600
70023018
60521932
18434224
72271374
39580460
18323483
24792045
72022448
35272311
12446903
30929300
21195593
44592381
83947147
78471224
34755089
25094207
77201665
88450530
25846011
19023368
64534478
36179920
76377752
14313006
11947318
12072886
30308750
52473014
50398168
36715210
68371410
52735318
80283613
92614120
49080581
57085381
65232432
57297816
86484601
22296434
41974675
77376007
66215934
89430953
96755508
17251095
18960879
40055379
29441321
98025401
92958705
42441242
14393306
38342051
72525388
47490985
61410294
75265600
20371407
35248506
18374712
53164607
63513211
75006407
93357567
74190142
57562556
61816048
81620842
40370688
27437676
91896707
58789600
97586821
65822308
33930325
22947494
51631361
86408060
52340827
89045139
84589655
46443136
56151590
50571120
73979194
58904289
37598777
85688052
79638668
52855530
75985037
26316529
63264627
28580362
26258980
54745135
13184101
16893052
61392560
26765853
38932434
20135251
58184822
47939982
28955179
29651304
14827791
50711367
87509784
97356347
48861441
10060289
73938141
67894453
22173342
53659019
44810410
84374000
17541995
97778695
82625776
60136420
65671573
92621848
42779939
54422293
80829012
27738955
83595725
61514332
90841382
91046296
75770781
27527785
37634162
93808485
40371688
38262928
67836390
51225333
33567012
40253139
90383905
16729801
45685961
37170367
29754741
90781757
64814998
85036221
88413146
72746237
71325793
93273163
80822004
20200826
88973159
20521113
41580993
68251349
78461129
33695577
73673250
29029175
17160711
42954796
83634506
90156053
39029784
31142683
67057940
87595279
10236901
44232604
10376185
90760073
20700374
44348772
21290978
49224397
97732181
99169361
48964938
57113550
72921455
70854796
88053615
89371969
29825671
77454921
61590621
97017357
40896497
71308462
93044949
80850381
49372548
64273093
18963145
34878410
31782899
14827234
67795033
22956192
89586849
49690548
42314381
29389048
22946246
73737476
48565460
45063205
14206032
11318918
67958092
14997741
13007046
77394695
55436798
59138011
60004416
30922073
83038831
29396423
73302885
71347893
10444968
45235952
16354386
78716882
53785392
86657616
33512653
87832330
43185381
31622273
12814154
62907813
61914220
12249453
57803223
61733645
58804742
39175112
82409524
49033627
52348615
44444128
61133678
74084541
47627319
63935557
11748972
59920132
60702196
59102882
95957736
12254962
87705357
38497285
49821710
35828915
61279604
76741599
34624953
13234446
85222422
29452128
62193625
47406751
46964691
27383280
40328851
10740820
13876937
87413381
51047899
34232696
56609387
14574365
13028427
53036167
33559218
19395816
26794065
47035244
28466489
96878024
79199008
10673061
54720238
60154235
16207902
57466486
29567847
51302945
81759305
81781836
62845245
76653607
59562415
96080454
86799038
28175458
81194984
80399547
57236924
24778405
46356143
77955694
74839145
10085098
97758849
91186440
21476089
94328887
38728233
37404108
78643294
77362924
12200440
49390600
55746126
92293520
28688067
27113210
65108697
12720810
59029936
87514579
84513135
17063568
86258081
26105565
27505365
31722651
22439863
99697882
60652462
61161500
76303533
49608711
92876423
31353639
94128092
55421098
80364241
47477051
33175056
38849716
59220407
48389212
26374001
74811061
19194853
64011472
37535743
63893957
93969297
69921534
32186259
72132607
28653741
69922357
66271123
22969979
21998143
89754317
73371116
41018404
59378684
12348796
60844007
27943745
35833204
58109250
35103790
39974286
64476373
99299043
47413658
48299202
88464555
93489962
71776615
46931208
65789402
68782983
65736599
43385488
75761052
33393784
51619327
13217867
95170564
30301764
71838491
40130807
33577675
13647098
49643726
17837133
92506420
14550945
79789462
45079409
96007435
95555414
93082906
78671536
97571008
72294939
47184729
60076996
51645742
68458491
73985055
14407953
80129626
86295217
76561175
57719089
68878619
76650479
76215613
74196108
77138001
75771647
40335525
10116303
99051526
71263376
88181303
77678319
38596777
28714590
11033373
56898457
69851132
91247802
72616136
69910339
55472663
21222925
62653527
77499907
24609206
30377796
32616434
87334067
98457277
53524800
34803650
88489795
79074180
37870751
94791280
97838468
37840594
69008626
73116109
87497072
31747213
42080400
22721794
28033295
29959527
74585838
80232819
55792501
16050867
49238255
61334187
80370702
11760529
75995523
51822262
79853394
33445882
92661024
48895922
82396860
67756360
37141365
93853695
71182190
53396679
35711207
54364086
50181437
44770303
44723192
79871695
55207415
88345868
36190009
17164873
91701768
33693647
91380517
36414655
69318123
88026819
93997300
74762714
59406919
69281802
16134283
91699195
84263767
61012098
65094593
27802942
29403939
59241411
75854441
56150389
43274411
11112542
29688812
23793010
18021695
17462223
21108242
69445600
13745461
43123128
58675835
47288552
29521298
74279492
91483686
20367201
92253208
85896648
94560784
39761561
20408135
93883917
